+proj=utm +zone=36 +south +ellps=WGS84 +datum=WGS84 +units=m +no_defs
706784 411645 0 1810 2184 IMG_4389.jpeg
706784 411673.5 0 1704 2191 IMG_4389.jpeg
707121.5 411673.5 0 1662 1037 IMG_4389.jpeg
706784 411645 0 1145 1172 IMG_4393.jpeg
706784 411673.5 0 1139 977 IMG_4393.jpeg
707121.5 411673.5 0 3218 962 IMG_4393.jpeg
706784 411645 0 1211 1369 IMG_4394.jpeg
706784 411673.5 0 1196 1199 IMG_4394.jpeg
707121.5 411673.5 0 3168 1167 IMG_4394.jpeg
706784 411645 0 1274 918 IMG_4395.jpeg
706784 411673.5 0 1278 751 IMG_4395.jpeg
707121.5 411673.5 0 3140 757 IMG_4395.jpeg
706784 411645 0 1419 1201 IMG_4396.jpeg
706784 411673.5 0 1415 1020 IMG_4396.jpeg
707121.5 411673.5 0 2895 998 IMG_4396.jpeg
